[Informacion]
Nombre = asdasdasd
Dueño = Jose Oviedo
Tipo = 2
Seguro = 1
Comprado = 1
Exterior_X = 1775.559326
Exterior_Y = -1706.321533
Exterior_Z = 13.523436
Exterior_R = 180.723632
Exterior_XV = 1776.048706
Exterior_YV = -1708.260742
Interior_X = 1879.540649
Interior_Y = -2216.043701
Interior_Z = 13.251399
Interior_R = 4.117400
Dinero = 0
Precio = 1
Interior = 20
Empleados = 0
Espacio = 3
