[Informacion]
ID HQ = 0
Existente = 1
NombreFamilia = Need For Speed
Pos_X = 2177.605468
Pos_Y = 736.102050
Pos_Z = 11.460937
Pos_A = 358.048675
Int_X = 326.500213
Int_Y = -1513.830932
Int_Z = 4.175899
Int_A = 88.551597
IDFamilia = 1
