[Informacion]
CasaID = 9
Interior = 10
VirtualWorld = 102
Seguro = 0
Tipo = 3
Exterior_X = 213.585205
Exterior_Y = -1769.424072
Exterior_Z = 4.399433
Exterior_A = 359.142944
ExteriorV_X = 213.630081
ExteriorV_Y = -1766.424438
Interior_X = -2399.556396
Interior_Y = -595.959472
Interior_Z = 12.433199
Interior_A = 44.400199
