[Informacion]
CasaID = 9
Interior = 10
VirtualWorld = 101
Seguro = 1
Tipo = 3
Exterior_X = 200.193389
Exterior_Y = -1769.397460
Exterior_Z = 4.314652
Exterior_A = 358.014953
ExteriorV_X = 200.297302
ExteriorV_Y = -1766.399291
Interior_X = -2399.556396
Interior_Y = -595.959472
Interior_Z = 12.433199
Interior_A = 44.400199
