[Informacion]
CasaID = 5
Interior = 10
VirtualWorld = 100
Seguro = 0
Tipo = 3
Exterior_X = 1593.968505
Exterior_Y = -2181.595703
Exterior_Z = 13.568943
Exterior_A = 85.981658
ExteriorV_X = 1591.973388
ExteriorV_Y = -2181.455566
Interior_X = -2399.556396
Interior_Y = -595.959472
Interior_Z = 12.433199
Interior_A = 44.400199
