[Informacion]
Dueño = Noah Rothwell
Creado = true
Tiempo = 1432
Pos_X = 2119.786865
Pos_Y = -2008.482299
Pos_Z = 6.484375
Interior = 0
VirtualWorld = 0
Gramos = 0
