[Informacion]
Dueño = Osmel Leal
Creado = true
Tiempo = 1440
Pos_X = 2116.647460
Pos_Y = -2002.608642
Pos_Z = 6.484375
Interior = 0
VirtualWorld = 0
Gramos = 0
