[Informacion]
ID = 0
Existente = 1
Pos_X = 1871.246093
Pos_Y = -1258.441528
Pos_Z = 13.392042
Pos_A = 90.040176
Interior = 0
VirtualWorld = 0
Objecto = 27933
