[Informacion]
ID = 0
Existente = 1
Pos_X = 2498.232421
Pos_Y = -1464.822753
Pos_Z = 24.027898
Pos_A = 176.771163
Interior = 0
VirtualWorld = 0
Objecto = 2692
