[Informacion]
ID = 0
Existente = 1
Pos_X = 1908.982421
Pos_Y = -1852.288085
Pos_Z = 13.560869
Pos_A = 262.147247
Int_X = 2058.540039
Int_Y = 2437.260009
Int_Z = 10.842800
