[Informacion]
ID = 0
Existente = 1
Pos_X = 1022.306457
Pos_Y = 1309.918579
Pos_Z = 10.820312
Pos_A = 231.481506
Int_X = 2058.540039
Int_Y = 2437.260009
Int_Z = 10.842800
