[Informacion]
ID = 0
Existente = 1
Pos_X = 1050.460083
Pos_Y = 1365.313842
Pos_Z = 10.812507
Pos_A = 178.772827
Int_X = 2058.540039
Int_Y = 2437.260009
Int_Z = 10.842800
