[Informacion]
ID = 0
Existente = 1
Pos_X = 989.471191
Pos_Y = 1366.429687
Pos_Z = 10.820312
Pos_A = 350.222045
Int_X = 2058.540039
Int_Y = 2437.260009
Int_Z = 10.842800
